每幅图像的标定误差：
第1幅图像的平均误差：0.0621001像素
第2幅图像的平均误差：0.110033像素
第3幅图像的平均误差：0.0924413像素
第4幅图像的平均误差：0.0629043像素
第5幅图像的平均误差：0.0731965像素
第6幅图像的平均误差：0.0708435像素
第7幅图像的平均误差：0.0569459像素
第8幅图像的平均误差：0.0747642像素
第9幅图像的平均误差：0.0731732像素
第10幅图像的平均误差：0.0622583像素
第11幅图像的平均误差：0.0749021像素
第12幅图像的平均误差：0.0808525像素
第13幅图像的平均误差：0.0762537像素
第14幅图像的平均误差：0.0650926像素
总体平均误差：0.0739829像素

相机内参数矩阵：
[412.1066456953851, 0, 188.7077028527566;
  0, 413.9121576340909, 259.5035585885412;
  0, 0, 1]

畸变系数：
[0.1193673110088701, -0.2861976649199676, -0.002739407629002845, -0.003606208018045131, 0.2880485017360769]


第1幅图像的旋转向量：
[-37.24362529780866;
  -65.8951401215981;
  161.5400219201387]
第1幅图像的旋转矩阵：
[-0.7020557781395295, -0.4298475168167497, -0.5677576918610384;
  0.7043222086476644, -0.5368076712164135, -0.4645080736961275;
  -0.105109042363518, -0.7259949286390953, 0.6796200797531951]
第1幅图像的平移向量：
[2.207364373932462;
  2.215802696006845;
  0.04022420887820184]

第2幅图像的旋转向量：
[-52.5847931475029;
  -52.24330817212471;
  171.5958091897912]
第2幅图像的旋转矩阵：
[0.07613218606467688, 0.9968891648976002, 0.02039321344906642;
  -0.8391211109237173, 0.07510429390469182, -0.5387347271517073;
  -0.5385904301481417, 0.02390267656233158, 0.842228597594499]
第2幅图像的平移向量：
[2.470233359131721;
  1.922196811333451;
  -0.02005402713500579]

第3幅图像的旋转向量：
[-17.80376195404421;
  -103.2801297799537;
  221.737491645089]
第3幅图像的旋转矩阵：
[0.977448590645313, -0.1907283079173109, -0.09064747765101307;
  0.1921143678849824, 0.9813494105604336, 0.006738252358226953;
  0.08767167329100729, -0.02400097814025384, 0.9958602465962109]
第3幅图像的平移向量：
[2.11158553528992;
  2.279165219705572;
  -0.07243846429687549]

第4幅图像的旋转向量：
[-54.76481843753624;
  -40.04482694666135;
  239.5802787728407]
第4幅图像的旋转矩阵：
[-0.6042134961750336, 0.7599194109303881, -0.2396842504862483;
  -0.6406658634538857, -0.6421583880037277, -0.4209273763030164;
  -0.4737861357667929, -0.1007724843777599, 0.8748551902729416]
第4幅图像的平移向量：
[-2.161363495617777;
  -2.076178303746665;
  0.2651770419066835]

第5幅图像的旋转向量：
[-70.89330487019151;
  20.85265780139858;
  227.0408552901219]
第5幅图像的旋转矩阵：
[0.9999960308721504, -0.002805791930421854, 0.000256459720969137;
  0.00280556617637953, 0.9999956803231123, 0.0008764322824861262;
  -0.000258917699771772, -0.0008757092890955896, 0.9999995830473459]
第5幅图像的平移向量：
[2.85588790602807;
  1.105567554434457;
  0.1093863663150786]

第6幅图像的旋转向量：
[-40.11955532793775;
  -51.64347893819348;
  189.02739196411]
第6幅图像的旋转矩阵：
[0.5244505103245106, 0.8416116306690264, 0.12900203619704;
  -0.79029192636936, 0.5375468727364239, -0.294078273129276;
  -0.3168443361270111, 0.052280232726271, 0.9470356085862456]
第6幅图像的平移向量：
[2.270996307425997;
  2.159552047415665;
  0.0508548091343311]

第7幅图像的旋转向量：
[-45.97672586907282;
  -54.88042409918625;
  197.2875262489313]
第7幅图像的旋转矩阵：
[-0.732136070890294, -0.4345460016525358, -0.5245441317459543;
  0.6429945326268611, -0.6950431983259238, -0.3216721677000285;
  -0.2247994766748515, -0.572786805808815, 0.7882768995588093]
第7幅图像的平移向量：
[2.231064022920626;
  2.13647443256454;
  0.0559606613717278]

第8幅图像的旋转向量：
[-32.43138459133854;
  -83.4789503532818;
  217.3786405278415]
第8幅图像的旋转矩阵：
[-0.834601934856763, -0.3639668605934647, -0.4134824479020661;
  0.5471717711724963, -0.6344029631030141, -0.5460182535758941;
  -0.06358194055941396, -0.6819538142688647, 0.7286263322436587]
第8幅图像的平移向量：
[-1.827151811506637;
  -2.526976301731444;
  -0.1200652485808721]

第9幅图像的旋转向量：
[6.685969324195983;
  -87.16152536538191;
  207.3397632584409]
第9幅图像的旋转矩阵：
[0.3814897234820827, 0.8448459354877083, 0.3751012345587034;
  -0.8590963656492179, 0.4738309090695049, -0.1934882532317455;
  -0.3412023232715006, -0.2484343271375071, 0.9065656951891929]
第9幅图像的平移向量：
[-1.281464758565898;
  -2.858513026462357;
  -0.04608060766505102]

第10幅图像的旋转向量：
[-78.0651742226726;
  -13.0757882337866;
  281.4150265209217]
第10幅图像的旋转矩阵：
[-0.8445262151003377, 0.1833241594298973, -0.5031577531725213;
  -0.135877147605628, -0.9821868293262757, -0.1297938097774922;
  -0.5179892593161142, -0.04124663461809988, 0.8543920893628547]
第10幅图像的平移向量：
[-3.044792712586258;
  -0.6411284324575292;
  0.3022040508833419]

第11幅图像的旋转向量：
[-46.67849330623761;
  -69.18313787971147;
  163.2671429338185]
第11幅图像的旋转矩阵：
[0.4477798201976235, -0.755610412988764, -0.4780649918230088;
  0.86904428241195, 0.4935737023944614, 0.03386791271576264;
  0.2103693604850355, -0.4306250156314344, 0.8776712528512849]
第11幅图像的平移向量：
[-2.179983613091533;
  -2.1780523510355;
  0.1234495825965984]

第12幅图像的旋转向量：
[-43.01052844435818;
  -64.94200936717586;
  176.2914827991812]
第12幅图像的旋转矩阵：
[-0.3846132692599044, 0.9230751070627415, 0.002231553341602299;
  -0.7039300745366451, -0.2917376014719482, -0.6475890842580871;
  -0.5971223352647609, -0.2506422123436172, 0.7619864815857662]
第12幅图像的平移向量：
[2.172594242194097;
  2.2039407373031;
  -0.3735690704224907]

第13幅图像的旋转向量：
[-39.22216208101127;
  -59.25796070270667;
  175.5844456948998]
第13幅图像的旋转矩阵：
[0.6196460660014008, -0.7140069555706098, -0.3259337667161487;
  0.7654916452917432, 0.6414997727879673, 0.05000582467599371;
  0.1733819306546318, -0.2804854878773152, 0.9440691697183512]
第13幅图像的平移向量：
[-2.165758839957863;
  -2.189564973383527;
  0.1416126649125104]

第14幅图像的旋转向量：
[-58.53348209381402;
  -56.42232666931907;
  212.0651772953831]
第14幅图像的旋转矩阵：
[0.6316541505722203, -0.7178836822194485, -0.2926705534691397;
  0.7684077923488981, 0.6297977809433086, 0.113596741926768;
  0.1027740177397935, -0.2966441874062762, 0.9494417977715594]
第14幅图像的平移向量：
[-2.328278929081474;
  -2.026737364100914;
  0.1059495392659477]


